0 0.556305 0.467771 0.051609 0.057514
0 0.759602 0.405521 0.030797 0.042847
0 0.478766 0.614132 0.061141 0.086292
0 0.378449 0.620139 0.056539 0.096139
0 0.238852 0.533333 0.034672 0.045306
0 0.271082 0.489271 0.039242 0.042431
0 0.307934 0.471111 0.038992 0.037944
0 0.396992 0.446910 0.033359 0.027125
0 0.427949 0.436979 0.037852 0.036597
0 0.595367 0.466063 0.034844 0.044875
0 0.965617 0.707667 0.064375 0.065278
0 0.635223 0.557438 0.058961 0.051931
0 0.497332 0.481389 0.042758 0.038750
0 0.457441 0.952569 0.121711 0.094861
0 0.772852 0.655396 0.078312 0.085514
0 0.813961 0.522042 0.059906 0.057917
0 0.768801 0.571882 0.067367 0.073181
0 0.608117 0.886111 0.110719 0.171944
0 0.275281 0.706111 0.061625 0.093611
0 0.270840 0.826861 0.080508 0.150167
0 0.686523 0.741958 0.090188 0.117806
0 0.324895 0.421562 0.031930 0.026458
