0 0.244793 0.430458 0.038070 0.035194
0 0.722699 0.548438 0.064523 0.070153
0 0.499820 0.556868 0.065250 0.073042
0 0.491508 0.462472 0.038531 0.040222
0 0.447813 0.457743 0.046500 0.048264
0 0.440617 0.581764 0.052109 0.067083
0 0.531875 0.679229 0.069062 0.114319
0 0.972457 0.728250 0.055086 0.103528
0 0.594453 0.530208 0.046250 0.058750
0 0.838684 0.619215 0.091758 0.080875
0 0.625340 0.501979 0.052102 0.053181
0 0.350898 0.471618 0.041953 0.067125
0 0.289961 0.597917 0.078359 0.170556
0 0.340582 0.543264 0.040086 0.060139
0 0.249492 0.521507 0.046797 0.080514
0 0.834676 0.549986 0.080852 0.072167
0 0.515875 0.439722 0.047781 0.048167
0 0.432152 0.420993 0.033383 0.031264
0 0.364754 0.435222 0.036117 0.036806
0 0.326211 0.419167 0.027750 0.028972
0 0.254711 0.457861 0.030453 0.035194
0 0.286016 0.405583 0.028344 0.028083
