0 0.274027 0.462319 0.036477 0.035750
0 0.324121 0.444868 0.039727 0.050264
0 0.378883 0.513937 0.044672 0.059569
0 0.384961 0.482174 0.035984 0.034847
0 0.462465 0.520687 0.052617 0.069708
0 0.463578 0.453326 0.035609 0.034708
0 0.515848 0.432090 0.044242 0.037264
0 0.734859 0.517653 0.050281 0.049139
0 0.699531 0.538576 0.055469 0.056875
0 0.475348 0.633333 0.058055 0.080556
0 0.839883 0.615944 0.076641 0.069472
0 0.616543 0.498944 0.051570 0.057056
0 0.779359 0.646597 0.089656 0.106250
0 0.284609 0.629111 0.061250 0.107056
0 0.261426 0.902056 0.122461 0.195500
0 0.551395 0.472882 0.049398 0.054097
0 0.290859 0.503194 0.037500 0.046111
0 0.623750 0.679708 0.075312 0.101861
0 0.438730 0.582750 0.049883 0.063944
0 0.230938 0.468285 0.034062 0.038097
0 0.328477 0.540486 0.041016 0.064028
0 0.990906 0.642319 0.018187 0.057972
0 0.661648 0.468792 0.046516 0.036750
0 0.558852 0.449653 0.036750 0.035222
0 0.543145 0.584271 0.055586 0.076764
