0 0.850840 0.694007 0.089523 0.083181
0 0.284801 0.690958 0.060633 0.132806
0 0.409402 0.676472 0.059086 0.111278
0 0.520484 0.662903 0.070437 0.119139
0 0.249492 0.916875 0.101016 0.166250
0 0.674195 0.959722 0.117828 0.080556
0 0.979809 0.610125 0.040383 0.168861
0 0.597336 0.462778 0.029484 0.034583
0 0.421500 0.544965 0.054547 0.077569
0 0.494320 0.553875 0.049828 0.049278
0 0.236531 0.522014 0.035672 0.053917
0 0.263668 0.484639 0.034914 0.042583
0 0.229387 0.452188 0.037742 0.038264
0 0.444820 0.460090 0.037203 0.031708
0 0.313867 0.415049 0.029781 0.041597
0 0.366016 0.424792 0.040141 0.047306
0 0.877773 0.645674 0.082687 0.071264
0 0.576258 0.483083 0.050875 0.052889
0 0.774734 0.870417 0.118641 0.148306
0 0.456187 0.604014 0.051344 0.077194
0 0.715336 0.513646 0.055375 0.059792
0 0.700340 0.598917 0.066695 0.071306
0 0.267227 0.587076 0.047422 0.076542
0 0.340656 0.542938 0.051359 0.061986
