0 0.858691 0.709243 0.103914 0.103986
0 0.423809 0.421687 0.037070 0.034153
0 0.853082 0.942514 0.107055 0.108250
0 0.985703 0.645569 0.028594 0.087583
0 0.253129 0.403625 0.029836 0.031694
0 0.295676 0.466806 0.041477 0.048056
0 0.344988 0.492486 0.039945 0.043694
0 0.569371 0.449590 0.037445 0.035875
0 0.561937 0.488819 0.043813 0.041528
0 0.597820 0.642451 0.069672 0.084681
0 0.433617 0.899708 0.103844 0.200583
0 0.830488 0.613333 0.072070 0.064722
0 0.274324 0.840757 0.085648 0.135764
0 0.633516 0.561535 0.052031 0.050569
0 0.307930 0.530069 0.042266 0.068472
0 0.238277 0.522417 0.037508 0.060667
0 0.380336 0.627993 0.050766 0.077236
0 0.336590 0.427583 0.023852 0.026000
0 0.662930 0.519118 0.050547 0.053153
0 0.507133 0.462354 0.040359 0.042208
