0 0.300109 0.596215 0.042797 0.074375
0 0.544289 0.737993 0.073797 0.115986
0 0.737371 0.495667 0.049930 0.056722
0 0.293750 0.775771 0.076875 0.144569
0 0.748547 0.577972 0.070609 0.064361
0 0.432211 0.509000 0.046828 0.064972
0 0.430781 0.570076 0.034078 0.062597
0 0.391332 0.635118 0.087195 0.195069
0 0.260891 0.455854 0.032906 0.037181
0 0.261543 0.484514 0.035539 0.043611
0 0.289832 0.438472 0.038445 0.040611
0 0.371887 0.476201 0.038445 0.038986
0 0.733137 0.799535 0.113508 0.173986
0 0.920437 0.549375 0.069437 0.056833
0 0.331449 0.487722 0.038195 0.045389
0 0.322051 0.418833 0.041477 0.037333
0 0.912027 0.597681 0.082945 0.066917
0 0.250371 0.552153 0.039570 0.045417
0 0.292246 0.505958 0.039023 0.059417
0 0.327937 0.540417 0.040687 0.058889
0 0.509199 0.562736 0.053242 0.063167
0 0.894516 0.463431 0.069344 0.066528
