0 0.432934 0.939549 0.132148 0.120903
0 0.613719 0.476444 0.036594 0.034639
0 0.306184 0.413299 0.020102 0.019597
0 0.591023 0.523118 0.037328 0.045514
0 0.575605 0.480167 0.052039 0.051056
0 0.258051 0.553451 0.038914 0.056986
0 0.454809 0.520194 0.047711 0.059528
0 0.265609 0.480882 0.041312 0.050597
0 0.345156 0.489569 0.042000 0.054556
0 0.374090 0.440236 0.033992 0.027389
0 0.407281 0.434812 0.029734 0.028792
0 0.774371 0.424312 0.047961 0.045292
0 0.815625 0.927806 0.150875 0.144389
0 0.527773 0.726479 0.066484 0.103097
0 0.720012 0.604090 0.067789 0.080347
0 0.845965 0.560236 0.062555 0.067417
0 0.777711 0.561993 0.083641 0.095264
0 0.273930 0.600861 0.043234 0.076333
0 0.455039 0.591222 0.056953 0.078389
0 0.385262 0.626736 0.058227 0.094583
0 0.480223 0.434049 0.035180 0.029542
0 0.482234 0.468521 0.040453 0.040458
