0 0.202668 0.477354 0.032008 0.045681
0 0.811191 0.676153 0.085023 0.082917
0 0.682719 0.721694 0.086203 0.128083
0 0.522504 0.693181 0.066523 0.116250
0 0.610254 0.474090 0.050336 0.051625
0 0.979398 0.580125 0.041125 0.071694
0 0.846770 0.962799 0.059898 0.074403
0 0.284125 0.782111 0.081281 0.169556
0 0.444996 0.573403 0.049211 0.065833
0 0.934141 0.692208 0.086406 0.076556
0 0.676105 0.583181 0.060602 0.071694
0 0.929129 0.609167 0.083602 0.076667
0 0.397367 0.659951 0.072891 0.137236
0 0.590152 0.534799 0.045773 0.048931
0 0.663152 0.471556 0.043758 0.040333
0 0.677078 0.964521 0.104688 0.070958
0 0.286156 0.631229 0.047500 0.080375
0 0.274738 0.591042 0.040195 0.060083
0 0.330453 0.546389 0.042016 0.060083
0 0.545762 0.585653 0.067102 0.101750
0 0.498965 0.484236 0.047648 0.041667
0 0.443035 0.465889 0.038227 0.036694
0 0.237219 0.523236 0.036437 0.051639
0 0.341309 0.492889 0.038227 0.048917
0 0.345516 0.461854 0.035422 0.034875
0 0.391359 0.440542 0.032594 0.036806
0 0.536180 0.436479 0.039391 0.032403
0 0.263375 0.448424 0.038453 0.038569
0 0.239961 0.464660 0.034266 0.041958
