0 0.565293 0.478840 0.051898 0.052153
0 0.682031 0.497563 0.052500 0.052875
0 0.300973 0.421799 0.023445 0.019458
0 0.361617 0.413201 0.026500 0.026736
0 0.343402 0.432000 0.026758 0.026278
0 0.388246 0.427014 0.030320 0.030806
0 0.321203 0.480521 0.038734 0.035347
0 0.275848 0.491590 0.038727 0.045708
0 0.373137 0.511965 0.044336 0.050736
0 0.506676 0.425910 0.102273 0.089319
0 0.626281 0.871590 0.115250 0.176819
0 0.471164 0.971583 0.104203 0.056833
0 0.256219 0.947014 0.118813 0.105972
0 0.651414 0.443729 0.122484 0.095875
0 0.962680 0.604542 0.074641 0.071000
0 0.258871 0.550590 0.041852 0.067014
0 0.570855 0.522104 0.046398 0.045792
0 0.331230 0.539694 0.040508 0.059667
0 0.800590 0.506889 0.063258 0.047667
0 0.778430 0.655236 0.084578 0.071583
0 0.301055 0.650069 0.051656 0.093056
0 0.709703 0.551840 0.060687 0.062014
0 0.821996 0.557410 0.068773 0.058986
0 0.423555 0.562688 0.048828 0.072681
