0 0.663129 0.493250 0.047352 0.036806
0 0.428063 0.501993 0.043594 0.049431
0 0.506293 0.445312 0.118414 0.127014
0 0.437027 0.441104 0.028023 0.035792
0 0.348422 0.430396 0.034734 0.035681
0 0.653086 0.519479 0.050391 0.041181
0 0.865820 0.722146 0.093984 0.094847
0 0.620824 0.552056 0.052273 0.053111
0 0.266664 0.541458 0.038859 0.060694
0 0.501926 0.555396 0.048648 0.059208
0 0.242383 0.469028 0.036641 0.052500
0 0.393785 0.691000 0.062258 0.093444
0 0.742859 0.560931 0.056969 0.054778
0 0.774797 0.539542 0.050062 0.045750
0 0.732965 0.623958 0.068430 0.071250
0 0.203844 0.486563 0.036750 0.056181
0 0.286891 0.504458 0.039188 0.046917
0 0.560746 0.512271 0.047117 0.048236
0 0.452613 0.959153 0.117367 0.081694
0 0.367848 0.508958 0.044227 0.058694
