0 0.370977 0.590708 0.047578 0.068583
0 0.443539 0.502944 0.049437 0.066778
0 0.657918 0.699174 0.088586 0.113542
0 0.467348 0.438743 0.040352 0.050375
0 0.920125 0.651618 0.100234 0.102764
0 0.766156 0.642278 0.077375 0.085111
0 0.498109 0.628722 0.066484 0.102194
0 0.597602 0.826569 0.094047 0.139778
0 0.703566 0.504153 0.056852 0.056694
0 0.628617 0.511292 0.052250 0.049083
0 0.648309 0.564194 0.056461 0.056722
0 0.308789 0.521750 0.038672 0.056556
0 0.542852 0.502882 0.048516 0.048542
0 0.400293 0.678479 0.059570 0.112792
0 0.425664 0.431424 0.025547 0.035069
0 0.874203 0.931986 0.149563 0.136028
0 0.663711 0.967965 0.110156 0.064069
0 0.235895 0.921924 0.123852 0.156153
0 0.530914 0.585333 0.053984 0.064333
0 0.374637 0.520299 0.043430 0.051181
0 0.332152 0.482819 0.040539 0.044889
0 0.379652 0.477208 0.037898 0.039583
0 0.257234 0.479153 0.035891 0.045944
