0 0.971461 0.716639 0.057078 0.090667
0 0.461562 0.471111 0.037422 0.035833
0 0.224680 0.935389 0.112328 0.129222
0 0.245195 0.468882 0.037844 0.045958
0 0.322645 0.419708 0.029039 0.031611
0 0.314301 0.477194 0.040633 0.036889
0 0.615137 0.503507 0.049570 0.048153
0 0.631203 0.480868 0.047281 0.046097
0 0.502848 0.649896 0.069930 0.107847
0 0.390172 0.430340 0.032469 0.027347
0 0.825437 0.553174 0.072094 0.071042
0 0.558828 0.776278 0.079219 0.122556
0 0.347977 0.437549 0.028453 0.021236
0 0.323437 0.528403 0.045625 0.073750
0 0.765852 0.604569 0.068687 0.071083
0 0.281484 0.654028 0.056250 0.100278
0 0.556152 0.460236 0.036289 0.040194
0 0.486258 0.459076 0.032203 0.030097
0 0.836723 0.696306 0.087039 0.089611
0 0.622023 0.456993 0.045906 0.033458
0 0.262477 0.546882 0.040859 0.061014
0 0.384465 0.482882 0.042852 0.042319
0 0.432824 0.948604 0.126648 0.102792
